1666 16.0 0.0 -55.0
1667 16.0 0.0 -55.0
1546 16.0 0.0 -55.0
1455 16.0 0.0 -55.0
1510 16.0 0.0 -55.0
1486 16.0 0.0 -55.0
19818 16.0 0.0 -55.0
1484 16.0 0.0 -55.0
1665 16.0 0.0 -55.0
19819 16.0 0.0 -55.0
1668 16.0 0.0 -55.0
1669 16.0 0.0 -55.0
1664 16.0 0.0 -55.0
1544 16.0 0.0 -55.0
1543 16.0 0.0 -55.0
19823 16.0 0.0 -55.0
1509 16.0 0.0 -55.0
1950 16.0 0.0 -55.0
1951 16.0 0.0 -55.0
1512 16.0 0.0 -55.0
1487 16.0 0.0 -55.0
1517 16.0 0.0 -55.0
1520 16.0 0.0 -55.0
1551 16.0 0.0 -55.0
19822 16.0 0.0 -55.0
19824 16.0 0.0 -55.0
19820 16.0 0.0 -55.0
19821 16.0 0.0 -55.0
1511 16.0 0.0 -55.0
1488 16.0 0.0 -55.0
1541 16.0 0.0 -55.0
1545 16.0 0.0 -55.0