1
2
3
4
5
6
7
8
14
15
16
17
18
19
20
21
23
24
25
26
27
28
29
30
32
33
34
35
36
37
42
43
44
45
46
47
48
49
50
51
52
57
58
59
60
61
62
66
67
68
72
73
78
79
82
83
84
86
94
95
96
97
98
99
100
101
102
103
104
105
106
107
108
109
110
111
112
113
114
115
116
117
118
119
120
121
122
123
124
125
126
127
128
133
134
135
136
137
142
143
144
147
149
153
154
156
158
159
160
161
162
163
164
165
166
168
170
173
174
176
177
179
180
181
182
183
184
185
186
187
188
200
202
206
208
210
217
220
221
222
223
227
228
229
230
234
235
236
239
240
241
242
247
248
249
250
254
258
259
261
262
268
269
270
271
272
273
289
290
291
292
293
294
295
296
297
299
20032
20033
20034
20035
20036
20037
20038
20039
20040
20041
20042
20043
20044
20045
20046
20047
20048
20049
20050
20051
20052
20053
20054
20055
20056
20057
20058
20059
20060
20061
20062
20063
20064
20065
20066
20067
20068
20069
20070
20071
20072
20073
20074
20075
20076
20077
20078
20079
20080
20081
20082
20104
20105
20113