401 16.0 0.0 55.0
405 16.0 0.0 55.0
410 16.0 0.0 55.0
419 16.0 0.0 55.0
421 16.0 0.0 55.0
426 16.0 0.0 55.0
436 16.0 0.0 55.0
445 16.0 0.0 55.0
466 16.0 0.0 55.0
467 16.0 0.0 55.0
474 16.0 0.0 55.0
491 16.0 0.0 55.0
492 16.0 0.0 55.0
507 16.0 0.0 55.0
516 16.0 0.0 55.0
517 16.0 0.0 55.0
518 16.0 0.0 55.0
526 16.0 0.0 55.0
527 16.0 0.0 55.0
529 16.0 0.0 55.0
540 16.0 0.0 55.0
542 16.0 0.0 55.0
546 16.0 0.0 55.0
547 16.0 0.0 55.0
549 16.0 0.0 55.0
550 16.0 0.0 55.0
551 16.0 0.0 55.0
560 16.0 0.0 55.0
562 16.0 0.0 55.0
580 16.0 0.0 55.0
585 16.0 0.0 55.0